4048
7493
1896
6199
7616
4665
1199
8211
6441
6095
7278
9495
3150
3606
4438
7383
3443
6790
4439
7945
1188
8568
1328
3147
4505
5336
2350
3257
6041
9215
1078
5511
5366
4419
1384
8208
3147
8030
9743
7926
1036
2020
8023
2993
1248
5199
7519
4102
1477
1950
7399
6844
4341
1520
8807
7860
6654
3727
7049
1955
6553
9632
2783
8053
3173
7384
3943
6151
9946
8556
3831
7021
8004
6501
7196
3031
8592
2599
8626
1593
4031
3721
6887
4447
8325
2578
6047
3606
8307
3583
9339
6195
7010
4163
1465
4652
6937
1543
6649
5640
5532
4615
5959
8126
6014
5975
4448
7173
9099
1877
9706
1041
4891
1799
2299
6226
3144
1473
9796
7221
9934
8880
8983
5646
1204
6253
6775
1815
6416
4881
4035
1998
6203
2420
9205
8371
1980
7538
7603
3541
3025
2266
5875
9670
4016
1606
7582
1804
4283
7651
9499
7091
2321
8848
2581
7265
3510
6561
3051
9553
6986
4533
2473
1285
3684
4962
2341
7193
6151
3620
3691
8516
8204
2791
4695
2834
7772
7086
3261
2848
7369
9109
6943
9614
4289
9555
9080
3005
1833
4225
7139
1566
8721
3495
3908
5314
3588
4423
4173
6274
8314
5428
1607
8524
9127
2149
1469
1294
8023
9925
6318
3291
4310
1947
7763
9264
3246
3565
9616
1945
1817
4276
8075
1288
6361
4629
6006
5153
5981
3618
1627
8210
9894
8276
9210
1613
2127
9709
2724
2751
5834
6467
5683
5398
5235
2093
2621
4580
4644
5446
5869
5274
4137
3472
7891
4010
3927
2594
5851
6805
9776
8670
9125
8297
7748
8863
3805
6948
8182
5146
8451
6119
5022
4801
1434
2004
6120
3848
2546
1735
2652
7426
6785
6258
2154
2053
9701
5584
7609
4546
5285
2346
9452
8179
9684
6887
7391
8143
2709
2583
1124
5053
3371
6008
6825
7619
1792
6819
8421
3099
5512
5712
9961
6851
6174
5530
3866
6118
8555
3093
4656
2262
8802
8627
1164
6462
3092
4798
9212
3052
3410
2988
4626
9404
7648
5023
2726
9434
3238
2031
4302
2808
9698
7728
4376
4619
4638
5467
7872
6183
2915
3014
5119
6496
1198
8117
4292
3866
8781
4359
1798
6573
7325
1402
9617
5256
3079
5740
4040
6472
9213
7074
9546
1866
7746
4911
6288
5185
8370
4552
5326
6673
2463
9766
8446
1245
4287
4965
8982
7944
8862
6599
7486
2537
8207
7101
2564
9121
5382
4050
2545
3376
5201
4265
4801
5305
7377
4393
4147
1979
9424
9149
5634
7956
9663
4635
2560
7799
2317
7700
6562
8037
4755
9527
3768
7033
6267
9922
8037
2727
6325
2324
5815
5265
7632
2999
3963
4859
2848
8718
8467
9451
3665
6741
9268
4207
3927
1743
3479
6567
3273
2625
8375
6390
4240
1033
4293
8968
1215
3635
5954
4310
5994
8340
2758
8184
4343
8100
4806
7782
8918
6952
3207
7049
4063
9793
5167
8468
4771
2306
3976
6080
9349
2306
7258
5983
4763
6298
1466
4710
7443
1678
3385
7915
9872
4706
8271
1839
1459
1668
8081
1902
3157
5412
3215
4567
4288
2426
2143
2334
2558
4669
6448
6283
8444
9179
3169
4129
6055
4659
6870
6937
1858
8860
7299
6509
9447
7740
4580
4761
1932
9185
5744
1471
2643
8053
3666
1158
7960
4864
4395
7389
8027
1843
2946
4665
7086
5639
7161
5481
9652
2160
7443
8383
3947
3066
4892
1426
5326
8713
4969
6318
4845
4379
6400
1510
2842
8122
8136
9541
4738
4789
2062
4449
8115
5969
6763
7226
5923
8735
2002
8747
3791
6252
4379
2598
5199
7932
5878
3558
9067
4845
9436
5407
9523
6866
8825
3031
1329
3158
1306
8328
4322
6028
8560
7678
2502
7980
7479
7981
2284
1603
6838
6513
8844
1691
5539
6929
9701
8279
2667
3250
8275
3275
8922
9297
1250
1413
5060
6637
2342
5942
5588
7540
3679
6193
5926
1776
3919
8630
8470
2806
3231
7208
1994
7056
5381
8401
3523
1564
3252
4126
4849
6213
8966
6942
2375
6035
3224
5359
5571
2558
1809
6693
9034
3332
6463
6766
5635
5592
8588
8603
8977
9051
2327
8514
8879
2180
7591
7517
2156
3376
1160
4775
9081
1430
3921
6272
6883
7710
7871
3299
8750
5605
1145
3831
9495
7223
2454
9367
5139
4030
3250
9935
9138
5827
9096
2982
7067
8662
4900
5990
6118
6501
2479
8084
3386
3614
4018
7635
5784
8840
2749
5136
9574
7229
9822
6764
2520
3513
6254
8349
6564
5326
3216
7059
4619
2454
6314
8086
1109
7783
9016
7369
2095
1319
9183
1333
8918
8411
9907
4380
1863
3602
9168
8576
4071
6507
4082
6392
6152
1426
1229
3835
7286
2188
8017
3641
3122
5203
4210
9751
3016
9947
3940
4571
2873
2595
5390
9552
9721
1073
9958
1872
4394
4990
9456
9884
5048
5312
8498
5489
3535
7709
5769
5918
3097
3651
6778
9895
1099
2175
7562
6137
2967
9911
5740
7226
7456
5040
6184
1374
8728
2983
6365
8152
4526
2366
4199
6533
2742
4195
1782
7434
3803
9774
5004
6338
6009
7376
9388
3222
3360
5592
7954
5872
2695
7562
2722
1470
2500
4776
2958
8475
4682
1038
8974
4438
7523
8512
8540
8691
1381
6162
8423
2541
7405
4013
9669
1668
3715
8013
7077
2381
2937
2924
3401
3888
5327
3479
1832
6084
6220
4694
5868
7231
7255
8042
1996
3832
9335
5116
7038
9390
9198
1701
1244
9491
4592
5586
7649
7077
4139
9094
2982
8921
2012
5189
1885
7231
7012
4007
8875
3690
9126
3174
6539
2163
3821
6770
3989
5163
2376
3555
1654
2292
6938
3865
2536
3915
9370
8250
9451
3410
6558
9966
8925
8722
6453
5814
5049
6889
2667
3813
3435
3604
6958
3495
5081
5061
5681
2592
7163
1321
8966
7302
4095
7144
4607
6568
1399
1710
4126
6341
4572
6262
8696
6653
2644
8049
5630
5823
5524
2406
7620
6827
2821
1111
9265
3619
1253
2961
7019
7221
6021
1239
6000
3334
2459
3917
4926
1266
7576
4715
2287
9564
5788
1428
9702
9672
2572
4844
4887
6740
6452
3960
9699
6554
2638
5847
7807
2150
3673
6762
9404
6677
4036
6762
6198
8596
8096
6234
8938
8280
2042
8499
6382
4290
5233
1155
7233
2179
6792
8747
3473
2470
9038
7513
2359
2138
1851
7831
1265
2850
7052
7631
9212
5626
2167
9101
4330
1780
4512
6412
9228
2178
7361
1992
1597
9820
4041
8665
1814
6991
4706
8113
5282
6335
4798
7237
6841
3939
2497
8291
5667
4615
5385
6754
4461
6336
2292
7107
6758
5929
3179
6087
9572
1796
1053
7531
2676
2333
4652
8233
3263
6823
3197
3273
4189
3608
6682
8446
6638
2277
2819
4887
6596
8365
6539
8378
8611
4714
1004
8257
8236
7069
1965
6339
3214
9815
4075
5254
9418
9534
6479
2102
7660
5482
2682
4096
8099
8385
3017
2750
5416
4921
5109
9200
8098
5774
8226
9605
8953
5045
3086
4840
6246
8527
7848
4901
6616
8883
3757
4944
5383
8661
9814
7293
1736
1974
5046
8820
2599
1856
4990
1648
5691
3492
1492
1827
9670
9674
8452
6596
1029
5723
4551
6907
9366
5116
5662
2556
5020
8874
8192
8172
3467
6468
2753
9678
5567
3137
8798
8429
1020
4252
5246
9020
9095
1588
9191
2777
9459
5986
5592
1795
6604
1882
3246
1020
7230
7330
7939
7525
5141
9626
9341
5626
3362
3587
6985
6860
2881
6337
6880
1085
7969
2225
5498
1705
6585
2436
4327
9600
5293
2554
5009
5845
9840
1415
5495
3387
5695
8587
5557
4164
2462
5913
9782
9070
9310
1310
2492
4433
3326
6887
1428
5179
5007
7731
9613
4472
6968
1357
6832
5067
8738
1468
6546
7060
2375
9265
7557
7217
9028
1052
4045
5988
7826
9348
7111
7996
8351
5522
2728
2540
1249
2508
8390
4738
9734
3438
3458
1048
4076
5671
4312
8544
4929
2397
9910
4179
7481
5698
5671
4487
7833
1225
1048
2953
6278
4050
2670
3480
1035
7469
5960
1908
3781
5612
1697
4606
6980
2460
4910
5859
5583
8835
9671
6497
4906
9428
9896
8481
9796
2090
7585
7642
2811
5035
1053
7024
7868
4513
1659
2583
2418
8780
3366
8271
2419
1148
5687
2836
1578
6368
8420
3717
1200
1562
8443
3110
7594
3494
5655
1851
2387
8459
1342
3784
6938
4606
8515
5601
6253
5589
1443
4181
6066
5934
5141
2500
6027
4767
5635
5124
4387
4069
5443
5569
7801
2951
5637
8548
8009
7965
7395
9340
8217
3870
3627
5662
2940
8517
3584
5788
6708
5442
1859
5783
1560
9356
4086
8405
9329
7222
7804
1164
5415
1927
3690
7962
8601
1287
8278
1866
7405
8292
7006
5567
8126
3095
6691
9492
5161
9332
3566
5505
6091
9959
9514
5269
8986
2579
1947
3122
4689
6501
1620
2706
1541
1156
1778
3072
9113
9407
6279
2698
3338
3795
2739
7306
3244
4790
7799
1723
3961
6670
6777
9236
3314
3085
4942
9162
5516
4649
8482
2747
1358
6706
2027
5060
9589
8688
6960
5620
5100
6069
3265
3604
1893
9344
5246
5990
8282
5473
3866
2468
1997
9587
9530
6796
8162
3170
7899
8685
1378
9297
8729
1696
4251
5511
1180
7548
3761
7098
7883
7955
5315
1539
8114
5295
9654
3231
3698
8091
5342
9291
6828
1939
4505
4822
7498
9546
7482
8683
3820
6776
3730
3997
3054
8918
8542
9471
4050
7312
8581
4654
5020
1530
7942
9526
4642
2281
3056
6593
6670
5890
8611
7570
2457
2238
3958
9779
6750
6787
6215
5900
9035
4222
6703
1512
3479
8314
2434
2417
5699
6607
8496
7251
3990
7648
6595
9297
5489
9414
5163
8121
7771
8840
1078
2796
3175
2285
4391
4380
9811
3020
2428
9559
7843
8929
3998
8521
3771
1159
5862
6358
9584
5585
6483
6327
7019
6614
2743
5615
2886
2045
8431
7054
4700
2164
9996
8471
3898
6444
3296
9239
9012
7819
9488
4221
2178
5655
4759
3283
7714
4375
7737
3347
4857
7525
7739
8407
4006
3391
9630
8148
2141
9383
3458
9617
7353
4376
8961
7110
3347
1727
2879
1817
2549
2981
3210
3431
2118
8849
3555
1915
7802
4363
8859
9165
3747
1999
7213
2464
6340
9161
1253
9705
7461
7893
6627
3509
3479
6164
7168
8436
5705
5001
8614
6222
4427
5531
9244
2665
6984
8664
3256
7482
3385
8452
1634
9219
8611
2153
2950
3589
2670
2398
2520
7850
3227
5779
3382
3150
2893
2601
6153
3286
1545
6078
8520
8944
4379
9075
7590
9047
4296
4761
4947
4679
5769
5727
6490
8126
3227
6104
4666
2547
9487
4167
4308
5087
3809
4062
6956
2425
1752
6480
1343
8722
9414
1703
6268
5309
7197
4913
5789
8669
9877
5146
3211
8316
7057
5085
2589
5415
9782
1330
1111
2823
8925
5782
4784
9909
9832
5888
7403
5977
9817
4066
3805
7011
3791
6291
1899
9825
2387
1981
9285
5245
7137
5553
5369
1552
5859
6787
5460
5778
1434
2892
1406
8690
2558
2382
2206
3526
8047
7860
2326
4381
1419
4655
1201
4859
2178
1670
3856
2889
4546
4559
2406
7950
9004
5318
7698
9799
8259
7971
9961
2470
8752
1067
8343
8262
6405
8983
9542
7340
5077
3639
3935
8053
4135
6489
8684
7596
8364
6535
1294
8666
8036
8471
6733
3258
8204
6257
4263
4945
7162
1810
8822
1512
1490
3581
6924
3685
8396
3372
6248
6242
4395
3753
6836
4359
9375
1596
2842
9209
2729
7993
9833
2548
6951
9101
5920
2483
6837
6846
6496
7170
3063
6687
1522
9421
8045
3291
7113
9386
3450
1986
9928
4281
6042
9848
3762
2666
9764
1994
2659
3495
3795
8323
5912
3874
1609
8646
4616
5855
8291
9112
7538
5264
2433
2248
1027
4671
9069
8062
4499
4635
3275
1339
1813
4724
3333
4410
6794
1427
3263
5615
5330
1603
1865
8579
8931
6240
8673
9446
9164
1851
3478
9485
2148
7944
6368
8207
9891
8288
7966
2824
8373
1825
5276
1838
5786
5882
2190
7190
6700
9485
8903
8751
4956
4488
1327
7209
2698
1867
8530
7143
5284
6438
2873
7438
4785
6952
8873
2317
9384
8836
3439
6861
9523
4558
1244
1815
8171
9692
8060
1807
9963
6476
1372
9495
5156
1198
6953
5701
1624
3265
2777
8022
8752
2759
6628
3464
3713
1755
6370
7680
7580
4645
4894
3286
7963
6684
8813
5437
1967
6190
6570
9822
6964
3879
2153
3748
3442
2691
5146
9333
3587
7388
9979
3433
6266
6014
7601
2653
6069
5420
9148
1848
9303
1256
4948
3066
7234
8345
2059
9418
2054
6965
8546
7343
7693
7688
6211
5536
9951
6637
1901
1691
6909
7572
5064
8318
4707
5437
3293
8880
7277
8166
1131
1557
3094
6388
6260
8885
6726
1029
7724
8212
5963
1521
8494
8157
9672
7368
8490
5378
8500
9101
4787
8548
4213
9230
1845
4502
3952
3801
1491
8229
8109
5424
6804
8867
3066
9041
1219
6758
5561
4883
2279
2716
2356
2719
5874
6418
8570
4252
9082
2851
9824
8637
7158
5746
1017
4321
6805
3787
9605
5277
4162
8516
2528
8540
7768
5398
9461
8205
5796
2519
9491
8611
8859
6333
6236
5162
2841
9574
4997
2727
1450
9114
8801
8186
2385
6997
3539
5109
2208
6887
9964
7970
6984
5554
1938
4229
7860
8158
5352
6840
3914
9234
9383
2835
1775
4512
2703
1383
5968
7222
3077
1315
1300
4096
3173
3490
6937
3927
1000
1863
6888
1023
1972
6234
4804
6428
3895
6263
8737
7916
6731
7741
2244
5462
6807
8280
4821
8574
7029
9414
1277
7795
5062
9600
6937
6039
2905
4676
6614
6797
7787
8829
4708
1939
7995
2381
9587
6238
7519
6839
3896
9915
2921
5683
9472
7297
6083
6295
3403
3327
7190
1531
8547
9961
2100
3494
2319
4984
7706
5219
3512
4111
9877
5934
8764
7784
3182
4214
4555
6805
8756
1320
7492
1926
1258
6614
9796
2060
2572
2386
5464
2525
4152
2079
4082
9106
5560
4419
9676
2385
8069
6378
3946
1712
3284
6082
2085
2914
5419
2463
7198
8210
7129
6150
1848
4504
2286
7474
1953
7632
7204
6405
4408
8635
6383
7882
5877
7271
5331
6181
3056
4909
3797
8630
5184
3988
6665
3739
1370
7051
5126
6928
2721
2286
2833
1213
3193
1666
7527
6012
6915
3250
4283
2987
7925
3421
6233
2154
8862
2238
3686
3771
8776
8440
7164
8664
7455
1227
1692
5341
8460
4619
5622
4184
6121
3368
4708
3207
8794
5662
3483
5000
4091
1974
5762
3443
9514
1743
4886
4115
2864
3478
1081
1377
7259
5376
8956
3826
5386
2462
7957
9129
5814
1327
9208
6960
1186
7842
3138
4463
2278
7430
7042
2642
7558
4102
5282
6888
1214
6318
9353
3844
3647
9341
5139
3451
5208
1533
6799
6711
5930
3840
7829
5844
1029
2412
1869
2757
6287
7040
3474
6605
6117
3998
5308
4152
1576
1625
8254
9811
9855
5545
2315
3069
4552
1600
2838
3239
3565
6043
2975
1881
4140
6634
3953
4748
8055
8093
6388
7888
3705
7901
6386
7952
7924
4771
6416
5584
6941
2129
8247
7368
5264
4100
9496
5164
9982
2285
6508
4481
1994
4176
6764
6774
8634
3393
3689
8558
2316
7821
6287
2211
9656
9274
1169
2512
9095
6149
1534
7033
4327
9641
5522
6863
2425
7137
2109
2395
5086
9957
4835
8011
5038
9208
5774
7157
9627
5656
2654
6722
7694
9707
2915
1017
4503
4024
5809
8623
7361
3051
2011
6734
9290
5514
7407
1466
7262
8174
1346
3782
5428
7724
3867
3755
3076
6125
4900
4206
9678
8151
3439
5267
7408
7176
9115
3793
1114
5031
8029
7188
3856
3148
5955
8003
2623
2508
2852
8073
3586
5614
6356
4032
7826
4181
7018
5067
6953
1335
5529
7617
6914
1463
9796
8761
2077
5873
5733
6935
9124
3796
2439
6848
1399
9997
2474
2165
5410
6600
7366
6219
7480
9467
4290
3967
4469
8873
1198
3301
3624
8851
6105
8599
9510
7544
8008
3982
5705
6331
2714
6043
9380
5801
8853
3613
7826
3491
5027
6407
2708
7535
2614
5171
4969
9933
6780
4863
2424
2747
4822
9141
9526
4726
9105
7880
9707
7150
5176
8055
5376
1679
8707
7209
6229
2439
3885
5422
4761
9517
9876
4566
7886
5975
6319
4724
5820
7363
7289
2017
4053
9609
6840
7050
7782
5347
5350
1164
1068
8624
4424
2137
3348
6904
1756
9356
1647
2394
9427
4544
4656
5419
8469
5442
8410
3896
7715
3969
4609
1708
5694
2043
5175
2479
2573
6403
5649
8299
2836
7217
4494
2605
7731
9339
1622
8738
6740
6454
9919
6509
4998
7948
8601
3361
2411
1248
4660
1881
9789
8138
1251
9486
6973
7839
6022
7799
1940
9412
6508
9141
1035
4522
3439
7337
5376
7690
6783
4272
3086
5575
2050
6427
7875
4215
4302
6828
3618
7614
4872
4922
5380
7385
4922
2607
5967
8720
6777
9662
1209
9140
7065
4037
5972
7184
8288
4428
4284
7584
5053
4114
4312
6697
1200
7129
5610
9200
1946
8190
1900
1007
8141
5172
4323
1383
8756
6948
8590
8013
5199
8913
4235
3339
6470
2293
9187
5755
7870
5690
4486
3096
6821
7447
1708
1736
4820
6678
2466
8776
1308
3891
4553
5463
2017
5755
2495
1803
3521
3987
5538
7911
7311
4349
5533
6900
9847
1478
2419
1674
8783
7862
9993
8045
4230
3701
4829
2270
1501
7278
4651
9501
7323
1695
4478
8917
5874
9154
4088
9499
9262
4912
6821
7948
7573
7424
3243
2174
6278
3972
6898
6815
2274
7848
4215
3808
4649
5137
8944
3476
9367
9642
8102
1022
9550
5024
6883
7866
4795
9647
4480
4360
4471
4291
6193
9571
7741
2498
5954
5697
1259
8828
1127
6659
3009
8024
5285
7294
6675
3370
3084
3014
3447
5119
1996
6273
9363
7243
6240
5403
1969
6107
2933
5714
7614
5080
2578
6846
8774
1657
5830
7471
8129
1259
2644
3555
5675
8321
2022
1754
7646
7596
6239
9251
9337
6565
9052
1932
1463
7691
7297
3153
6639
5366
2972
9160
7066
6134
7917
7715
4811
1701
5441
5915
3485
5797
4349
7011
3446
7643
2414
2564
8947
5800
4276
4591
2889
4076
3058
4469
8963
7707
3052
6470
3388
5998
9280
2969
3739
2133
1438
4712
8550
4971
1732
6762
3200
8911
7851
3905
5963
4559
3728
9353
8516
5340
4461
9066
7158
6829
9670
3970
9915
3136
2475
8439
2684
3022
7199
8710
7968
6569
3797
9508
3278
1043
8962
1406
7228
5674
6547
2404
3159
7040
7330
5060
4708
3081
4340
2347
9957
4944
1496
5767
6938
9376
6695
7284
6814
6007
9527
8809
8871
2345
9888
3313
4066
5304
4286
9226
3083
2972
9301
4825
6493
1968
9748
6236
2109
1694
8186
8643
9659
1829
1328
1778
8571
2246
8491
2811
5130
4869
5647
6143
9706
7888
2795
4063
5128
6989
9942
5181
8683
6231
2630
3618
8695
8291
8546
7838
3144
7754
1406
9330
8437
1109
6014
7958
8022
9562
9355
6535
2321
7483
1092
8459
5582
6943
8042
1526
3324
5122
7997
6739
6578
9677
3033
1122
1166
4531
8873
9587
5313
4619
4869
6942
7142
7254
2337
5333
4202
6295
8630
3767
5754
1247
6962
7305
7918
8722
5184
2048
6493
8559
5721
2026
6545
5162
5613
5131
8214
1167
3486
3942
1167
2997
9607
7645
5301
2567
9810
7679
9507
2197
3645
8959
6143
7434
4807
6129
6860
3917
6820
5895
2101
7079
2223
2939
1783
5235
5919
5081
2611
5096
9900
7008
2712
9926
6365
7115
8016
8485
5775
4578
6826
5120
3659
7258
7207
9758
7028
9608
9225
4802
1821
4742
4978
5420
1568
4132
1191
1207
6425
5293
5045
9549
3756
9438
6056
2591
4295
3710
4107
8186
9055
7934
7109
3165
9294
6188
8975
3368
3356
8695
3006
1796
5847
8388
3285
7575
6440
7123
7027
5270
1335
1569
7976
9170
5800
5822
7874
4857
5062
2988
6724
8705
4364
9021
1933
9148
4844
3590
1932
3903
5902
2450
3068
7453
2201
5913
7457
6906
7460
1897
6788
1345
2913
7230
5875
5844
7742
1735
3633
4307
1213
4540
6868
9710
1962
3987
2649
3479
8369
2075
7361
4627
6867
8410
5965
3070
1797
6489
6833
6542
7083
1215
7648
9395
6576
3116
7297
4654
6784
6943
8300
8516
9561
5596
6347
9706
6348
3102
3136
5915
8836
3034
9103
4412
3317
9048
5291
2227
6993
2081
1002
9767
2566
1198
9224
4141
3476
8204
5672
3089
4274
9870
5079
7342
6832
5872
9275
8601
1625
9735
9196
5197
1903
1575
9945
8905
8125
6732
4805
5023
7012
7521
6677
8831
5134
2456
9082
8816
5436
7457
7720
5951
9301
6917
5347
9989
4738
1283
4869
2934
8944
8957
7730
6509
4340
9656
4744
1755
8781
8820
1892
2247
7395
8992
7749
5133
2499
6228
8054
1388
1020
7791
9687
5070
5921
4671
1095
7218
2289
3393
7436
3340
4954
7580
9144
1365
9819
5592
9313
1377
2789
5570
9440
2298
4910
7873
1964
2868
7335
7006
4581
5572
6775
1166
5041
5975
6613
5985
7894
9110
1419
4483
1397
3558
3157
9838
4308
7859
3972
7497
7800
4225
8933
6177
3839
8430
8786
7728
6044
3439
6441
9709
2165
4517
6023
3874
7486
7188
5388
7064
4581
2239
7038
4266
9829
9126
6674
3321
2056
1984
4252
9348
2777
9762
1502
1253
3082
8170
8047
3219
5624
1064
3466
6698
9361
6296
2128
1429
4857
4524
2500
6268
9785
1663
2336
3447
8751
3984
4046
8426
9069
2001
2548
4743
2865
9443
4973
8617
2561
6817
3750
9803
3585
6237
9530
5624
5470
5385
1339
6046
3607
7950
9183
4835
2463
2848
2628
2347
3871
9843
1339
5101
4534
3048
8885
2771
8745
1647
4500
5086
7261
8354
8825
8195
7535
7501
1882
5572
6039
3749
6054
8362
3552
9418
5571
7624
3211
5895
5312
4276
4586
3489
1376
9439
1018
7370
8822
3053
9048
7061
5424
5464
3941
7619
1623
6175
7630
5279
1017
1359
5644
2633
4421
5082
3924
4660
1012
1308
6814
2633
9820
6486
2124
1393
9808
2868
8507
5631
7951
9370
5634
4290
2161
4390
4889
4876
6134
1520
1912
1967
5838
4508
1201
5023
8207
4327
1765
9355
7223
6933
9765
9175
3481
5565
4731
3908
4214
1841
5263
3519
3030
1188
9293
5201
2739
1295
1458
1233
4106
9880
9870
4255
8161
6669
9872
7682
3500
6710
9943
9491
4061
2117
4848
4680
6443
8467
6157
2540
5742
1065
3578
5143
9070
2040
5129
1086
1957
1749
1484
5131
3248
7411
2050
4912
3460
2115
2784
3717
7047
4568
9715
5856
1350
9888
9802
5053
9034
6541
6696
5355
5720
3847
8991
1286
3029
9112
9487
8802
9702
9837
3756
7426
1509
7674
5767
7352
1362
1115
3760
6330
1014
4306
5550
1350
9517
9931
3658
7985
6320
1905
8618
2428
6528
4813
3520
3985
4666
3285
8854
2329
2377
5795
7285
5450
7482
4597
6925
1397
3789
8319
1990
7871
7970
5815
6560
5999
7381
8070
4251
2674
7311
4030
1852
6363
5650
5167
5435
1514
6658
3638
6067
8029
1718
7401
7112
2377
8069
2069
3584
8894
7001
3848
2694
3626
1593
8574
4408
1283
1709
7871
2364
5592
2408
7575
4841
9474
7704
5003
9089
6385
7242
9498
5926
2086
2617
8935
7521
2835
4883
1691
6958
1091
3296
1147
3984
2279
6012
3718
5134
5075
7462
5080
5454
5156
7142
6031
4738
7830
3688
7639
8865
5224
5500
4502
8446
3663
7186
4800
3268
5045
6485
1416
9459
3095
2286
6323
1779
8333
5984
9580
2459
2448
1582
1007
2680
1520
7435
1646
4859
8705
7096
7368
7307
5874
6037
8104
2259
1352
3914
7272
1691
2663
4878
1376
3410
5360
9573
3070
1497
3769
5179
9374
1585
5436
9674
6849
7971
8804
3182
4226
7632
7754
9342
6591
2611
2041
9666
1490
5018
5969
5529
8544
1595
8783
4052
2171
9764
5802
8197
1826
2671
7040
2226
5182
4289
3861
9268
5647
3392
8750
6790
8788
2076
1894
9913
1507
4520
5035
3537
1637
4089
1281
5694
2419
7817
2369
2814
4957
6368
3835
8383
1482
9440
9238
5989
1402
3299
2972
3171
6267
4835
4018
2634
9477
5257
8222
6333
7524
3954
1999
3295
9131
1382
9674
3831
1594
9352
5706
6867
7144
3317
8532
9543
1972
1147
7779
4717
5142
4694
6592
7357
1255
5076
5669
6706
2743
8184
2193
6164
7105
5086
4043
5956
6023
9465
5758
7014
6457
3363
3204
3981
8156
6168
3194
7712
8685
1550
9694
5146
6168
1885
7219
7493
2651
4845
8779
8099
3976
8134
3333
3847
7520
9196
6878
9407
2540
8659
1292
2132
1737
3856
9368
7163
3129
9300
2008
1704
1376
1018
8324
6139
5830
8633
3859
1033
8826
8091
4946
5675
7523
3078
7029
1040
7711
3680
8818
9298
6356
2050
8407
3547
6292
7439
1767
5062
8444
8070
7255
6857
9994
2849
2339
7732
4100
5484
5062
2808
3642
8195
4416
4191
8963
5706
8300
6993
8880
3296
5585
1491
1569
9605
2266
9748
9371
2904
1144
5491
6605
1271
3969
5937
2095
1877
8373
6503
2013
8703
5415
3277
6432
3380
1277
7081
1797
3981
2799
6347
3399
6130
4954
5186
7591
3426
4251
6704
8313
9510
4310
2098
6263
6245
4819
7440
3421
4265
2278
8487
4862
7620
3569
7686
5405
2382
2742
9776
3707
8976
5238
7178
3036
6488
8531
3932
4213
9355
2938
5690
5042
4153
2887
8348
7248
3522
5819
6182
4181
9531
3387
3498
2272
4216
3543
5406
2627
9843
2579
1743
7497
2170
2875
5457
2531
6247
9813
5731
9169
8639
5757
9698
5848
2853
8912
4056
4132
8492
3122
3879
8948
9184
2197
1416
8399
2235
6147
8642
7832
3897
6935
2671
9514
2214
3714
8109
4273
3152
3658
8447
9574
6790
1634
4262
6245
2170
5344
7539
7186
9750
9237
7807
7399
4756
8295
4327
1036
7645
3967
7950
5466
3794
3713
3500
9078
8466
9074
2554
6889
8786
7128
9936
3582
5809
5110
1770
1335
1174
3081
6497
5127
7332
3751
6439
2551
3896
7669
3033
2936
1611
2390
2044
4157
3909
9492
3995
8343
6959
5567
6884
2213
8978
3072
1181
9867
1191
9123
7683
5748
5624
9755
5893
3537
8146
7310
6081
4699
1703
9544
6068
4317
4553
3319
7136
3602
4256
4958
2404
6201
8697
9612
2207
6134
5585
5327
7398
1878
1887
4040
1761
6520
1477
6274
1897
9040
8162
6983
6721
4589
6760
5688
9638
5948
7317
9001
7267
8835
7929
9692
1178
1312
5225
8065
7225
7077
2602
1376
2786
5201
6477
3477
5473
1952
9575
6431
6234
2171
7843
3966
5053
1749
5766
4580
6874
7898
7422
3378
8602
4433
3368
2478
6772
3610
1234
9983
5761
1868
2058
2151
4671
9630
3542
9538
9955
7012
1329
2858
2383
7429
7265
2377
3928
2343
6678
3371
6754
5968
1002
3632
5926
4861
2662
8575
1294
7002
4274
5059
1058
6861
8511
9790
7633
5978
2222
8680
1735
1895
5167
5213
2051
7026
6347
5861
7711
3223
1820
9980
6201
3476
3176
2728
7970
7579
1161
3423
5339
5525
1794
6166
2541
9179
3371
8611
8912
1316
5893
4906
8946
7514
1448
6685
6764
8340
9671
4523
9534
7239
6580
2906
4845
7814
9672
3277
1836
5470
9441
2179
6180
5361
9422
7236
4960
1034
1445
5185
2259
4780
1485
7238
9646
2336
2736
9309
8459
9540
6268
9143
6226
4296
6666
1431
9674
4251
3144
1349
7945
7906
7625
7995
3542
8862
9755
2201
7960
1034
9827
7145
8949
9093
2459
6091
9306
7080
4006
8718
5231
7817
2589
1119
7833
1476
4138
9349
3980
5018
6660
1264
4491
1741
5196
6675
6109
9586
7174
1944
5070
5048
2104
3188
3615
8450
5976
3063
8007
3637
2093
4760
6640
1165
5182
9450
7233
1627
8265
6923
8598
4630
1435
3064
3230
3068
5600
1645
6745
7572
8556
1487
6567
3679
7892
9031
2138
8419
7053
8952
2423
7987
8719
6762
3948
7539
3667
3968
8219
8957
4494
7120
1914
7166
3693
3328
5719
8475
5201
4243
8755
5517
2188
3110
1309
6632
9553
1401
5359
4061
2031
5770
4829
6759
9991
4322
9105
7825
5874
3078
8085
9967
3809
2535
5293
1692
4162
9791
5948
3623
2279
3206
6901
2822
3729
5731
3246
8800
6743
7606
2865
5380
6404
2534
2519
3382
2874
9840
8375
7184
8918
5491
2267
4812
5710
5737
3931
1384
9531
1925
1723
7446
2945
4368
9252
8420
9249
3619
2737
8141
2903
3993
6817
9581
8022
2004
6547
9449
3067
8561
1207
8121
3902
4752
2206
8473
1349
6994
1713
7172
6105
6435
2941
4620
2037
8174
6958
1999
4728
9150
1907
4668
1186
3808
3567
2736
8521
9889
4677
4720
8099
6653
8669
4946
8152
9260
1042
9366
8389
2963
9705
3023
6805
1222
7603
6321
8945
3785
6496
9283
3617
4051
6166
5164
3365
8770
5065
9871
9209
1648
1646
5862
4787
6393
9008
1502
3838
9236
8111
3107
2810
5381
2288
7932
1661
8917
5979
8126
3681
5672
7141
6897
8785
6416
3112
6518
2881
5930
7180
9659
1175
4782
4329
7428
2929
8487
6813
7461
8345
9931
7856
2025
1979
3737
6744
7327
2125
1432
3357
9180
9763
8482
8341
2191
1768
5918
5196
9935
1063
2987
1942
7607
4436
7794
5890
7219
6790
4715
6589
8131
5627
5589
1432
7185
4227
9928
5642
3464
9539
1194
1642
2578
3435
2192
4366
6532
2609
5470
1014
6971
2323
5381
6396
8302
7535
9132
4924
2700
4958
9698
4926
1307
4280
9567
2078
9629
8692
8086
5047
3596
3955
6603
2186
5953
4716
6193
3756
1205
8902
1749
8890
6033
5817
1982
2472
4019
9405
8581
4968
2615
9610
7646
7394
4334
2484
2858
7150
9607
9404
3907
5738
4305
3637
4516
4889
5914
4947
1646
1171
4395
6253
1442
1165
4368
9507
3183
2803
2136
8126
7577
4661
7319
4269
5544
8258
4331
7283
1074
6441
1050
6734
5765
8872
7871
9542
1395
1723
5021
8751
4044
6197
7263
6626
8659
8736
8970
1499
5367
1440
5639
3928
6469
3059
3813
9942
2735
8548
8154
2268
6089
7584
8798
7537
4463
6662
2248
3638
2123
3406
8466
9049
6842
6814
8037
9324
7193
3108
8163
7012
9018
6950
4862
3571
8753
9831
5965
2057
7674
7707
6960
4979
3487
1028
9879
2514
7916
3522
6058
7085
3123
6181
2558
8497
9097
4230
1290
1061
3464
6587
2331
2945
7082
9342
7306
4493
3402
6197
9891
4963
9982
9113
7325
4834
3847
2997
3240
8431
2625
1691
6332
3564
5723
9877
3287
6183
4374
3297
3428
8846
8866
9911
7403
6202
4345
1263
2770
2894
9586
4575
4235
3927
1787
3490
6519
1196
8585
3700
2298
8881
4350
7135
6504
5391
3513
1736
8233
7837
1842
8056
4542
2704
6675
1072
8510
8176
6733
9819
2153
3897
9787
4825
7500
9765
6524
7196
9498
7007
2717
5657
8499
6340
3132
9782
9289
3065
6482
3192
8414
8146
6800
3526
2212
4129
4158
9950
3970
4661
4815
3879
1669
6617
3130
5836
2604
5166
5833
4281
3606
2212
3126
7883
5790
4714
5398
3166
8200
3582
8329
5956
9903
4534
6629
7847
9583
5517
3959
5787
6059
8675
7325
3173
5665
7368
9255
4609
1967
6848
2608
5713
6070
1569
5666
6268
3860
7450
3297
5056
6353
6621
9182
6561
4030
4657
3962
8804
3121
9831
4526
2147
4723
6699
7896
7420
7402
9429
4501
6752
4257
6714
9672
2642
8240
6784
5161
8020
6173
1265
2295
6226
3174
6771
6550
9623
4901
5153
1405
7606
8171
8329
5383
5825
4314
7587
4546
8186
6419
4276
5494
2980
3349
4299
5192
9594
3068
8481
1733
4298
8456
6996
8335
6094
8911
9468
5796
7967
9600
2256
4097
2042
9918
5741
4181
7726
1160
2817
1497
9787
5386
1756
1445
7143
1566
3041
4340
4011
4636
7272
2830
2669
6312
2881
1610
1814
4998
2746
9487
1962
1449
3479
5937
4890
5969
7238
8682
1693
4237
3453
4707
9352
3534
4363
9788
5980
8026
4837
5820
6911
4660
2540
2383
7380
4296
7638
3679
8014
6425
2059
3103
9184
4289
8611
8162
6096
7264
5917
5082
8995
8994
7238
8953
4691
1715
7405
7540
1979
4955
9481
4790
4003
4693
7264
4956
9636
1326
8751
3253
4007
2525
4745
7343
7612
4053
2322
4061
8834
1559
8579
9699
4056
8342
4008
6579
6713
3450
3929
5239
9157
5420
1965
5143
2128
7673
4641
8691
6378
3532
1175
2920
1857
1053
6384
9963
8737
3821
6486
9858
9344
9778
9989
5960
5948
5202
6656
1461
9352
8985
7068
7455
4552
3352
4704
8748
6629
8574
8712
4360
5435
6766
5192
1095
5087
7041
2895
2152
2625
3196
8020
8419
5398
1448
5809
9455
7367
7582
1426
9419
4487
2710
6925
7332
8709
1056
6534
6329
5905
1999
7715
2216
4046
9316
6998
1547
8215
6951
7333
4886
6902
7996
8443
6090
1608
5434
8058
3133
3215
7548
8266
2991
7424
2474
3089
9051
4515
6605
9157
6173
1493
4821
1528
9371
1483
7212
7996
9070
7618
5796
4660
6646
4057
4319
5924
1600
4437
3761
2286
2458
5858
1685
1183
7803
6097
5904
8855
6075
2815
5824
8305
9669
7424
8632
8280
2625
3060
7553
7335
6529
8275
7004
4267
3444
1435
6882
2360
7306
2439
8085
4303
9898
4863
9531
4213
9933
8403
1393
4827
6824
5196
4372
3152
4542
2948
5654
7894
3733
7654
6241
8647
4402
9912
7833
1774
3721
7837
6016
7747
2860
3698
2414
7098
1886
1415
7906
9158
9433
3515
8743
8677
7622
8363
1057
5323
2424
7452
1463
6049
8452
7822
1759
2159
2380
9274
5320
9279
2681
2143
7284
9728
1554
3694
7194
9922
4130
9147
1927
6550
4537
9357
6195
5223
2131
2073
1222
2103
9466
4153
9131
5745
3393
7681
2962
3655
2071
4630
8380
9769
7631
6630
6652
1144
4506
8445
1007
5152
1983
7522
5646
7198
3569
1017
7299
8239
9308
6604
4755
2824
7585
2718
6799
4641
6598
7634
7366
1885
2807
8033
7239
1364
4328
2000
6446
1390
9398
8231
7461
3348
9673
8027
7384
5569
9306
9382
8587
1202
8616
8579
5937
9380
2398
8064
8765
5849
8223
4590
7642
8817
2220
6897
6861
2140
9975
1132
3923
3506
3645
7146
3347
5815
1464
4422
6804
3204
4769
6331
8781
6290
2910
1444
8620
3095
6861
4297
7386
5708
1437
3341
9103
3878
7221
2165
1502
5301
7665
4661
1900
6332
5231
8094
2593
4104
8500
1623
9556
8849
6151
1401
5293
7259
7761
4059
9070
1788
7451
9920
6047
2802
2881
6279
5209
2725
9677
6242
4799
8472
2475
8153
9817
8705
3543
4795
7963
9766
6214
5668
9009
5572
7455
7029
7952
2396
7150
8235
4836
9192
8965
1263
1570
7045
9455
7106
4943
4232
8712
2554
9623
1908
7201
3729
8214
2909
5266
6018
8224
2720
8267
7772
1278
1527
5325
8450
8028
7567
9118
3976
6607
9980
6889
2916
3050
9202
8952
3407
5303
5252
9909
3722
7100
6585
9584
4546
6686
4738
7285
5880
8515
7140
7755
3415
6707
6528
4169
8332
4866
3983
6917
8419
8336
1194
8216
5652
8278
7402
3616
4231
6682
1625
6848
7188
5218
1148
5376
4421
3529
9372
7367
2322
1724
5929
9559
3002
1484
7075
6725
1969
7521
5502
5237
4293
1261
2704
9859
4293
8275
5414
5231
6981
1854
9705
5480
8677
9567
2204
6406
5961
2535
7365
9811
8180
3149
8074
5135
9842
3389
6682
9922
9206
9359
9732
4041
5253
3004
5392
2087
1990
6721
3077
8513
9710
6471
1842
6461
2400
4098
8403
6445
2915
7543
7406
9664
5964
7919
1249
3960
5013
2736
7511
1307
8438
3808
7218
3437
6600
5436
8123
9307
3014
2568
5817
5779
9468
6416
7101
4206
8037
5732
8489
6320
5410
4085
3456
5233
8326
6026
9333
3054
2880
4712
7838
3865
8998
4250
9638
6786
4514
2467
5838
6773
4763
3110
6958
7038
9250
8420
1634
8794
1666
2657
8673
3370
9015
8781
3517
4732
6890
2839
6674
6744
9875
6402
9690
6713
4433
5046
4257
6304
6371
5651
9600
7350
2109
5916
8815
5267
5208
6866
8043
1705
8556
3513
8299
2590
1668
1450
6363
3273
8600
8617
7254
8610
3878
8906
8471
8820
8634
1486
4284
6235
1908
9498
7573
5372
9889
2538
6136
3478
4371
8013
1844
5484
2773
1612
3454
7413
6773
3366
5653
9203
8736
7748
8899
3539
5491
9742
4329
5308
1801
8877
2480
7467
3231
5282
4767
7658
7328
2840
4111
6848
1947
9962
9322
3119
1521
4105
4124
1528
7734
7965
7022
1938
3304
2507
2860
6317
4607
8323
6226
1566
3524
6460
3177
7659
9372
2894
2866
3561
3916
4595
2412
9702
2811
8492
4824
9004
3854
2553
9130
9822
8655
2815
1318
1029
5533
7030
5988
6559
5107
4694
7202
2403
8833
6692
8661
8300
1744
8120
5635
5908
4059
2173
4407
2208
7874
9725
3475
8919
1031
8897
5627
3657
6393
7617
3699
5467
3763
4999
5010
8873
1383
8392
6426
2213
4500
5876
4893
4223
1912
7503
8397
6678
4052
5925
1606
7947
5314
8634
2848
2501
3349
1073
6007
9805
8054
7157
4719
3204
4644
2304
7911
2387
1960
4401
3572
8326
6921
8493
5657
2020
3994
5741
6874
9048
2339
2457
6233
7824
1893
1703
1159
2496
1477
2925
2214
6780
4152
8528
9556
6232
7217
7553
6955
4254
6474
8865
3255
3107
3860
5981
8652
1804
3217
6297
6770
1595
9934
6842
4730
8760
1847
1703
1796
1506
8409
2714
1377
4758
6057
6936
1043
4949
4909
4149
2478
4965
2418
4786
4769
4658
9215
3761
4444
3479
2918
3514
3886
4227
8508
2015
9677
9615
1039
4232
6998
3557
5097
8096
4935
8134
4370
6352
9548
2359
4186
3244
9860
9427
9383
8551
1452
3711
9019
4387
5650
2499
8642
9785
2312
6882
8675
9538
8985
8988
2403
3632
5917
2056
9425
2275
5829
9959
7706
4446
1344
2413
2965
8194
8507
4003
8604
7848
4520
6378
1464
1878
4743
2706
6273
4925
6445
3688
9730
1823
7864
8811
6591
1157
8653
9001
2510
3892
6361
4231
5055
6837
6918
6141
5605
4817
8226
8192
7114
9193
6390
8481
2429
7442
4427
5092
2401
1444
9361
1040
7244
9315
9867
8174
3451
1575
5696
3369
5053
4675
4236
1408
5241
5916
5193
4926
8126
2364
1976
3245
3790
9546
9728
1083
5328
3512
7641
3700
8673
6898
2018
3404
7297
7174
1417
4702
7164
5417
1670
3172
5227
7330
1696
5445
7616
6903
1353
3356
9645
4544
1316
5488
4681
7664
9089
3535
4068
2980
5461
5639
9763
6259
8575
5151
8169
9348
8923
9934
1507
8608
5857
5136
9104
9022
3662
6828
6397
4095
9787
8678
1982
4350
9174
5940
2914
6600
1407
9906
3392
7769
7178
5335
5199
1753
8061
6231
7617
7545
2258
4861
2361
2248
4782
9378
8916
1770
9918
2086
5869
9741
3701
3326
7885
3857
1279
3473
2197
7501
3449
8083
1305
8762
2519
9285
5654
6558
9326
7670
3211
3486
5815
1907
7916
8959
3392
3863
3464
7646
3007
5236
1506
4544
6129
9295
9380
6793
5463
4293
9290
1758
2155
5185
9587
2782
4124
7066
3524
3068
6256
5207
7336
1634
2995
8750
4710
4559
3633
1113
1172
9345
6967
6697
2925
1227
5150
3352
8899
6173
2008
1586
1225
7608
9046
9399
3541
7213
3570
2634
1363
2014
3187
1292
1728
1381
9292
9486
6672
2900
9994
9473
3636
2338
4647
3647
3579
4804
3729
8870
1627
3486
8083
1110
4799
3212
9640
8782
2005
9053
5049
3824
7037
9813
4144
2228
1617
3285
5013
4178
4844
8509
2280
2768
5035
5089
2859
3824
9938
6912
1083
7357
8887
7773
5898
2847
6647
1782
8501
6919
7853
7487
2338
8035
6442
6648
5178
2546
2975
6172
7482
6394
2964
8516
2375
2431
1521
7842
9009
6630
5084
2652
2179
8777
3588
5361
7127
8804
1056
7677
8341
6967
3168
3080
7728
4436
3338
4750
9497
8027
9128
1406
8707
1211
7346
6115
2626
9117
8071
1175
9009
2484
2391
5114
4295
5123
5005
3172
1696
7406
7103
9770
2566
8337
4018
7746
3419
9144
3193
7848
8257
5359
8096
1198
7045
4554
8671
5802
5912
6050
8047
5646
1386
3959
8706
5492
5591
4599
4928
7586
8495
9989
7677
3446
7978
7980
5692
7778
7917
5822
5218
9504
9911
1720
4195
7842
2565
3625
9655
3410
7472
2795
4653
4049
1102
2899
6368
3290
3532
7027
3238
2888
7142
9061
7631
9590
2234
6411
4694
9340
2082
1419
5428
2781
3314
7542
9245
6685
7287
7071
8845
9030
2121
2549
6063
4415
4978
3060
2841
4922
6894
4085
9881
8441
7692
7874
3512
4699
9757
7302
3072
8768
3518
1987
8906
4264
9019
8612
9109
8783
9418
4280
5999
3116
5367
7582
5829
1866
1698
1904
3501
7746
8254
4022
4864
2126
3778
7490
1329
1510
1281
1999
8424
8603
4290
5617
9774
5042
9110
9169
9223
8644
1450
4774
6492
5595
4756
6587
2074
6385
6098
7062
7129
5551
3434
6157
3461
1755
1637
4843
1880
5344
5694
3742
8764
2264
6342
3844
6692
3633
6900
3992
7726
3005
5695
1293
1247
9343
2949
1011
6112
7351
2617
7751
9360
9777
3396
8111
3635
8705
4118
1052
1863
5069
7476
3960
6045
2032
3251
4950
9921
5939
4958
1891
3488
2107
6003
1675
5000
3817
5896
1843
3252
7868
3193
4091
4115
6600
8018
7421
8877
4665
5202
1388
9678
2497
6717
9702
2932
9606
4672
5596
6648
4548
6450
5481
8188
9908
7466
6587
1305
9767
5948
8819
6854
4693
6615
4634
4869
3912
5956
5212
5112
9231
3541
5000
8715
9316
8931
9090
4447
5226
1424
3216
2770
8980
8786
9392
4355
8489
4423
1885
2752
8243
6477
5801
7067
2729
4398
4807
7271
1767
8534
6722
2579
5619
7848
8224
7322
6649
4122
4887
1202
2595
4646
5514
7596
7783
6806
6552
2932
1288
3135
8699
4457
9457
3335
1316
3786
2028
3407
3621
7112
4896
2589
6700
6558
1852
5212
1577
4507
9526
8200
9136
5110
8110
5460
4088
4165
4144
5156
7623
9665
4250
6621
6993
9317
1833
5231
3445
3226
1245
9077
9040
2500
3743
3914
8508
5532
4487
7653
2854
8506
2056
2450
2415
1390
3857
6957
6989
7728
3426
4356
3900
4234
6296
8283
2500
8196
6489
5697
5841
9304
8931
9608
8248
2106
5273
1660
3804
3266
1689
9422
5809
9835
1569
7376
6757
7639
7071
4991
1615
4681
6993
6603
6332
6862
1398
9891
8414
6521
7586
4466
4300
7531
9741
3296
9995
9103
7938
8106
4044
1176
5588
2110
6473
6127
2320
5498
8975
8739
9075
1588
3098
2369
2019
4901
4435
7561
8232
5800
4760
4063
3330
4152
5092
8707
7362
3219
6743
2787
9178
8870
9549
6447
2910
2175
3827
3781
2618
1033
3788
2011
5851
9669
1954
5316
2544
2140
5680
4200
2152
8575
9976
7034
1949
8800
3927
7635
4406
9284
2050
2126
8497
7055
6990
5006
7682
6597
7930
9850
9478
7573
5569
9503
3764
1403
2415
9882
5036
5536
5026
4472
8362
2591
1533
1181
1782
7460
8425
7973
8492
3414
8248
3691
3057
6581
1614
7464
6487
2658
2728
5638
8126
3972
4083
7867
7056
1176
4564
9524
9280
4991
4331
6490
9306
8522
3486
5409
5591
2094
7534
6740
4974
1392
6829
1242
8433
2628
7770
8927
2154
3761
4385
2275
7378
7506
7484
9104
3306
7247
8134
6161
1211
1003
4775
4227
5477
3871
2135
8158
3444
4237
1851
4019
7884
6392
9331
9249
5685
9919
3578
4141
7528
9911
4510
6000
6692
1752
2455
5833
9333
3795
3976
4282
7357
7936
6387
1859
4745
1735
2056
1870
5718
5761
5715
1079
9386
3928
8035
9070
5251
9102
9461
7804
1814
6505
5103
4107
2421
4106
6177
5005
8085
7785
1616
1261
3361
8848
7668
8917
9975
4670
8917
9884
2312
4591
7497
7689
4759
8499
3078
8063
6100
3059
3282
6820
1516
7915
2613
4901
8359
8235
9851
4553
2409
4166
1510
8229
2360
2046
7217
9615
4611
2652
7921
3911
1349
6109
4919
5342
3195
6637
9013
2146
8571
2588
9775
9976
1751
2419
5083
2009
5244
3426
8169
4821
9091
4822
6666
7382
4575
5752
3643
2613
3251
1177
2966
5264
4749
4740
7959
2160
1864
2722
4876
1256
8260
2502
9418
8465
6078
9892
8362
8191
8429
8262
6198
1830
2489
8679
9472
8755
9806
9547
2599
1263
8581
3417
2961
4156
2252
4648
3345
6392
9156
6306
4804
8757
4505
5969
9806
6119
5876
3514
4966
8498
2972
4674
3532
3894
4111
2912
2110
5218
9331
2075
1867
7692
7330
5023
9426
9268
9068
3358
9424
9329
1072
1285
4547
4561
8917
9034
4066
3500
1778
7786
9955
2927
7559
2685
2439
3285
6770
7502
4969
5544
5116
1473
3618
4901
5022
6995
3552
9298
4850
4769
7318
6029
1493
8048
2580
7796
7917
3167
4502
7804
2089
1077
6598
2683
4711
1897
8983
3262
4605
9189
4085
6059
7007
8640
3752
6825
9597
3459
4177
4413
2894
2077
5254
7296
3579
1716
2057
2323
6593
4404
6241
8305
5239
6550
8102
6113
8595
6682
5024
3244
2701
3542
4372
2630
6992
4285
8592
5778
4333
8491
5937
5207
1487
2934
6636
4923
3733
2482
2878
8092
3866
2150
4149
4299
6393
6567
7339
1720
8818
1646
2544
9704
6842
1400
4920
8518
2389
1713
3885
1607
1693
8209
6302
4316
9267
5811
2671
9419
7577
7488
6007
5442
6823
5400
4477
5181
2359
9789
1412
1352
9551
1950
3688
3000
7759
8566
6043
5186
4276
5118
4762
9537
7761
5535
3080
8018
3337
9657
